REGISTERED 2026-10-01, before any page: PRIVATE A-tile reads at large G and short K (atile-ksteps-gh200).
Unit q = DCR.r3_q (weight sets per call). Columns: R0 (8x7B 09-27 MIX, registered), R1/R2 PRIMARY (calibration-only fits),
R1/R2 SECONDARY (all eight published models, diagnosis models seen). '--' = the guard prints no number.

fit R1 primary: C_A 159.61 MiB beta_A 1.053 theta1_A 0.0000; fit rms 1.21% worst -9.51%
fit R2 primary: C_A 63.68 MiB beta_A 1.338 theta1_A 0.0000 k0_A 110258.0 a_A 379.28 (s = exp(-0.00344 ks)); fit rms 0.87% worst -7.24%
fit R1 secondary: C_A 148.13 MiB beta_A 1.072 theta1_A 0.0000; fit rms 1.00% worst -9.23%
fit R2 secondary: C_A 73.37 MiB beta_A 1.316 theta1_A 0.0000 k0_A 93329.8 a_A 273.16 (s = exp(-0.00293 ks)); fit rms 0.75% worst -7.95%

rho42: R0 0.964 [0.824, 1.104]; R1-cal 0.961 [0.835, 1.087]; R2-cal 1.869 [1.640, 2.098]; R1-all8 0.961 [0.841, 1.081]; R2-all8 1.689 [1.475, 1.902]
rho84: R0 0.992 [0.922, 1.062]; R1-cal 0.989 [0.918, 1.061]; R2-cal 1.426 [1.338, 1.515]; R1-all8 0.989 [0.921, 1.057]; R2-all8 1.354 [1.267, 1.441]
G=1 n=1 w1 mixtral-8x7b-tp2: q-1 R1 -0.00039 band [-0.00139, +0.00061], R0 +0.00025, full credit -0.00112, discriminating False
G=1 n=1 w1 mixtral-8x7b-tp4: q-1 R1 -0.00193 band [-0.00293, -0.00093], R0 +0.00011, full credit -0.00223, discriminating True
G=1 n=1 w1 mixtral-8x7b-tp8: q-1 R1 -0.00446 band [-0.00546, -0.00346], R0 +0.00000, full credit -0.00446, discriminating True

cell                                     R0       R1       R2    R1sec    R2sec
mixtral-8x7b:1:1:w1                  1.0003   1.0004   0.9999   1.0004   0.9999
mixtral-8x7b:1:1:w2                  1.0000   1.0000   1.0000   1.0000   1.0000
mixtral-8x7b:1:2:w1                  2.0007   2.0018   2.0010   2.0018   2.0010
mixtral-8x7b:1:2:w2                  2.0031   2.0063   2.0024   2.0063   2.0025
mixtral-8x7b:1:3:w1                  3.0011   3.0032   3.0016   3.0031   3.0015
mixtral-8x7b:1:3:w2                  3.0064   3.0127   3.0048   3.0128   3.0051
mixtral-8x7b:1:4:w1                  4.0015   4.0044   4.0022   4.0042   4.0021
mixtral-8x7b:1:4:w2                  4.0096   4.0192   4.0073   4.0193   4.0077
mixtral-8x7b:1:5:w1                  5.0019   5.0055   5.0027   5.0054   5.0026
mixtral-8x7b:1:5:w2                  5.0128   5.0256   5.0098   5.0257   5.0103
mixtral-8x7b:1:6:w1                  6.0023   6.0067   6.0033   6.0065   6.0032
mixtral-8x7b:1:6:w2                  6.0161   6.0321   6.0122   6.0322   6.0129
mixtral-8x7b:1:7:w1                  7.0027   7.0078   7.0039   7.0076   7.0037
mixtral-8x7b:1:7:w2                  7.0193   7.0386   7.0147   7.0387   7.0155
mixtral-8x7b:1:8:w1                  8.0031   8.0090   8.0044   8.0087   8.0043
mixtral-8x7b:1:8:w2                  8.0225   8.0450   8.0171   8.0452   8.0180
mixtral-8x7b:1:9:w1                  9.0036   9.0101   9.0050   9.0099   9.0048
mixtral-8x7b:1:9:w2                  9.0258   9.0515   9.0196   9.0517   9.0206
mixtral-8x7b:8:1:w1                  1.0046   1.0035   1.0028   1.0036   1.0026
mixtral-8x7b:8:1:w2                  1.0000   1.0000   1.0000   1.0000   1.0000
mixtral-8x7b:8:2:w1                  2.0102   2.0079   2.0058   2.0079   2.0054
mixtral-8x7b:8:2:w2                  2.0425   2.0539   2.0376   2.0561   2.0379
mixtral-8x7b:8:3:w1                  3.0158   3.0173   3.0139   3.0174   3.0128
mixtral-8x7b:8:3:w2                  3.0856   3.1088   3.0759   3.1132   3.0763
mixtral-8x7b:8:4:w1                  4.0214   4.0167   4.0116   4.0166   4.0108
mixtral-8x7b:8:4:w2                  4.1287   4.1636   4.1141   4.1702   4.1148
mixtral-8x7b:8:5:w1                  5.0270   5.0368   5.0311   5.0371   5.0287
mixtral-8x7b:8:5:w2                  5.1719   5.2184   5.1524   5.2272   5.1533
mixtral-8x7b:8:6:w1                  6.0326   6.0463   6.0398   6.0468   6.0366
mixtral-8x7b:8:6:w2                  6.2150   6.2732   6.1906   6.2843   6.1917
mixtral-8x7b:8:7:w1                  7.0382   7.0611   7.0538   7.0618   7.0495
mixtral-8x7b:8:7:w2                  7.2582   7.3281   7.2288   7.3413   7.2302
mixtral-8x7b:8:8:w1                  8.0439   8.0759   8.0673   8.0768   8.0619
mixtral-8x7b:8:8:w2                  8.3013   8.3829   8.2671   8.3984   8.2687
mixtral-8x7b:8:9:w1                  9.0495   9.0862   9.0765   9.0872   9.0704
mixtral-8x7b:8:9:w2                  9.3444   9.4377   9.3053   9.4554   9.3072
mixtral-8x7b:16:1:w1                 1.0046   1.0035   1.0028   1.0036   1.0026
mixtral-8x7b:16:1:w2                 1.0000   1.0000   1.0000   1.0000   1.0000
mixtral-8x7b:16:2:w1                 2.0246   2.0178   2.0177   2.0181   2.0161
mixtral-8x7b:16:2:w2                 2.0959   2.1053   2.0896   2.1105   2.0889
mixtral-8x7b:16:3:w1                 3.0301   3.0259   3.0244   3.0263   3.0224
mixtral-8x7b:16:3:w2                 3.1391   3.1601   3.1278   3.1675   3.1273
mixtral-8x7b:16:4:w1                 4.0516   4.0372   4.0347   4.0377   4.0318
mixtral-8x7b:16:4:w2                 4.2909   4.3192   4.2716   4.3351   4.2694
mixtral-8x7b:16:5:w1                 5.0572   5.0559   5.0547   5.0569   5.0500
mixtral-8x7b:16:5:w2                 5.3340   5.3740   5.3099   5.3921   5.3079
mixtral-8x7b:16:6:w1                 6.0787   6.0779   6.0778   6.0794   6.0710
mixtral-8x7b:16:6:w2                 6.4858   6.5332   6.4537   6.5596   6.4500
mixtral-8x7b:16:7:w1                 7.0842   7.0892   7.0885   7.0909   7.0809
mixtral-8x7b:16:7:w2                 7.5289   7.5880   7.4919   7.6167   7.4885
mixtral-8x7b:16:8:w1                 8.1057   8.0759   8.0673   8.0768   8.0619
mixtral-8x7b:16:8:w2                 8.6807   8.7471   8.6357   8.7842   8.6306
mixtral-8x7b:16:9:w1                 9.1113   9.1293   9.1316   9.1319   9.1201
mixtral-8x7b:16:9:w2                 9.7239   9.8019   9.6740   9.8412   9.6691
mixtral-8x7b:32:1:w1                 1.0046   1.0035   1.0028   1.0036   1.0026
mixtral-8x7b:32:1:w2                 1.0000   1.0000   1.0000   1.0000   1.0000
mixtral-8x7b:32:2:w1                 2.0246   2.0178   2.0177   2.0181   2.0161
mixtral-8x7b:32:2:w2                 2.0959   2.1053   2.0896   2.1105   2.0889
mixtral-8x7b:32:3:w1                 3.0638   3.0431   3.0483   3.0442   3.0438
mixtral-8x7b:32:3:w2                 3.3036   3.3083   3.2920   3.3245   3.2876
mixtral-8x7b:32:4:w1                 4.1247   4.0795   4.0968   4.0820   4.0873
mixtral-8x7b:32:4:w2                 4.6115   4.5918   4.5993   4.6231   4.5883
mixtral-8x7b:32:5:w1                 5.1297   5.0903   5.1068   5.0930   5.0965
mixtral-8x7b:32:5:w2                 5.6546   5.6466   5.6375   5.6802   5.6267
mixtral-8x7b:32:6:w1                 6.1512   6.1149   6.1333   6.1181   6.1206
mixtral-8x7b:32:6:w2                 6.8064   6.8057   6.7813   6.8477   6.7688
mixtral-8x7b:32:7:w1                 7.1925   7.1440   7.1670   7.1481   7.1512
mixtral-8x7b:32:7:w2                 8.0669   8.0541   8.0373   8.1098   8.0197
mixtral-8x7b:32:8:w1                 8.2553   8.1625   8.1863   8.1670   8.1687
mixtral-8x7b:32:8:w2                 9.4225   9.3766   9.3941   9.4496   9.3685
mixtral-8x7b:32:9:w1                 9.2602   9.2164   9.2597   9.2231   9.2345
mixtral-8x7b:32:9:w2                10.4656  10.4314  10.4324  10.5067  10.4070
mixtral-8x7b-tp2:1:1:w1              1.0003   0.9996   0.9992   0.9996   0.9992
mixtral-8x7b-tp2:1:1:w2              1.0000   1.0000   1.0000   1.0000   1.0000
mixtral-8x7b-tp2:1:2:w1              2.0007   2.0006   2.0002   2.0006   2.0001
mixtral-8x7b-tp2:1:2:w2              2.0013   2.0030   2.0016   2.0030   2.0015
mixtral-8x7b-tp2:1:3:w1              3.0011   3.0022   3.0014   3.0022   3.0013
mixtral-8x7b-tp2:1:3:w2              3.0027   3.0061   3.0032   3.0061   3.0032
mixtral-8x7b-tp2:1:4:w1              4.0015   4.0037   4.0020   4.0037   4.0020
mixtral-8x7b-tp2:1:4:w2              4.0040   4.0093   4.0048   4.0092   4.0047
mixtral-8x7b-tp2:1:5:w1              5.0019   5.0050   5.0026   5.0050   5.0025
mixtral-8x7b-tp2:1:5:w2              5.0053   5.0124   5.0065   5.0123   5.0064
mixtral-8x7b-tp2:1:6:w1              6.0023   6.0063   6.0032   6.0062   6.0031
mixtral-8x7b-tp2:1:6:w2              6.0067   6.0155   6.0081   6.0154   6.0080
mixtral-8x7b-tp2:1:7:w1              7.0027   7.0075   7.0038   7.0073   7.0036
mixtral-8x7b-tp2:1:7:w2              7.0080   7.0187   7.0097   7.0185   7.0095
mixtral-8x7b-tp2:1:8:w1              8.0031   8.0087   8.0043   8.0085   8.0042
mixtral-8x7b-tp2:1:8:w2              8.0094   8.0218   8.0113   8.0216   8.0112
mixtral-8x7b-tp2:1:9:w1              9.0035   9.0099   9.0049   9.0096   9.0047
mixtral-8x7b-tp2:1:9:w2              9.0107   9.0249   9.0130   9.0246   9.0128
mixtral-8x7b-tp2:16:1:w1             1.0035   1.0021   1.0015   1.0021   1.0013
mixtral-8x7b-tp2:16:1:w2             1.0000   1.0000   1.0000   1.0000   1.0000
mixtral-8x7b-tp2:16:2:w1             2.0221   2.0147   2.0146   2.0150   2.0132
mixtral-8x7b-tp2:16:2:w2             2.0425   2.0539   2.0613   2.0561   2.0570
mixtral-8x7b-tp2:16:3:w1             3.0276   3.0220   3.0206   3.0223   3.0187
mixtral-8x7b-tp2:16:3:w2             3.0609   3.0812   3.0870   3.0841   3.0811
mixtral-8x7b-tp2:16:4:w1             4.0490   4.0329   4.0306   4.0335   4.0278
mixtral-8x7b-tp2:16:4:w2             4.1287   4.1636   4.1859   4.1702   4.1729
mixtral-8x7b-tp2:16:5:w1             5.0546   5.0506   5.0494   5.0516   5.0450
mixtral-8x7b-tp2:16:5:w2             5.1471   5.1908   5.2116   5.1982   5.1970
mixtral-8x7b-tp2:16:6:w1             6.0760   6.0720   6.0719   6.0734   6.0654
mixtral-8x7b-tp2:16:6:w2             6.2150   6.2732   6.3105   6.2843   6.2887
mixtral-8x7b-tp2:16:7:w1             7.0816   7.0830   7.0824   7.0846   7.0750
mixtral-8x7b-tp2:16:7:w2             7.2334   7.3004   7.3362   7.3123   7.3128
mixtral-8x7b-tp2:16:8:w1             8.1030   8.0694   8.0610   8.0703   8.0558
mixtral-8x7b-tp2:16:8:w2             8.3013   8.3829   8.4351   8.3984   8.4045
mixtral-8x7b-tp2:16:9:w1             9.1085   9.1218   9.1243   9.1244   9.1129
mixtral-8x7b-tp2:16:9:w2             9.3197   9.4101   9.4608   9.4263   9.4287
mixtral-8x7b-tp2:32:1:w1             1.0035   1.0021   1.0015   1.0021   1.0013
mixtral-8x7b-tp2:32:1:w2             1.0000   1.0000   1.0000   1.0000   1.0000
mixtral-8x7b-tp2:32:2:w1             2.0221   2.0147   2.0146   2.0150   2.0132
mixtral-8x7b-tp2:32:2:w2             2.0425   2.0539   2.0613   2.0561   2.0570
mixtral-8x7b-tp2:32:3:w1             3.0595   3.0384   3.0432   3.0394   3.0390
mixtral-8x7b-tp2:32:3:w2             3.1399   3.1630   3.2045   3.1705   3.1892
mixtral-8x7b-tp2:32:4:w1             4.1185   4.0732   4.0895   4.0756   4.0805
mixtral-8x7b-tp2:32:4:w2             4.2940   4.3226   4.4302   4.3386   4.3976
mixtral-8x7b-tp2:32:5:w1             5.1235   5.0832   5.0988   5.0858   5.0890
mixtral-8x7b-tp2:32:5:w2             5.3124   5.3498   5.4558   5.3666   5.4217
mixtral-8x7b-tp2:32:6:w1             6.1450   6.1069   6.1243   6.1100   6.1122
mixtral-8x7b-tp2:32:6:w2             6.3802   6.4323   6.5548   6.4527   6.5134
mixtral-8x7b-tp2:32:7:w1             7.1861   7.1354   7.1574   7.1394   7.1421
mixtral-8x7b-tp2:32:7:w2             7.5038   7.5671   7.7369   7.5944   7.6815
mixtral-8x7b-tp2:32:8:w1             8.2488   8.1537   8.1769   8.1581   8.1598
mixtral-8x7b-tp2:32:8:w2             8.6838   8.7505   9.0007   8.7878   8.9249
mixtral-8x7b-tp2:32:9:w1             9.2537   9.2065   9.2488   9.2130   9.2241
mixtral-8x7b-tp2:32:9:w2             9.7022   9.7777  10.0263   9.8158   9.9491
mixtral-8x7b-tp2:64:1:w1             1.0035   1.0021   1.0015   1.0021   1.0013
mixtral-8x7b-tp2:64:1:w2             1.0000   1.0000   1.0000   1.0000   1.0000
mixtral-8x7b-tp2:64:2:w1             2.0221   2.0147   2.0146   2.0150   2.0132
mixtral-8x7b-tp2:64:2:w2             2.0425   2.0539   2.0613   2.0561   2.0570
mixtral-8x7b-tp2:64:3:w1             3.0595   3.0384   3.0432   3.0394   3.0390
mixtral-8x7b-tp2:64:3:w2             3.1399   3.1630   3.2045   3.1705   3.1892
mixtral-8x7b-tp2:64:4:w1             4.1185   4.0732   4.0895   4.0756   4.0805
mixtral-8x7b-tp2:64:4:w2             4.2940   4.3226   4.4302   4.3386   4.3976
mixtral-8x7b-tp2:64:5:w1             5.2007   5.1193   5.1552   5.1236   5.1392
mixtral-8x7b-tp2:64:5:w2             5.5036   5.5289   5.7333   5.5562   5.6782
mixtral-8x7b-tp2:64:6:w1             6.3078   6.1766   6.2412   6.1836   6.2159
mixtral-8x7b-tp2:64:6:w2             6.7663   6.7780   7.1055   6.8189   7.0245
mixtral-8x7b-tp2:64:7:w1             7.4409   7.2450   7.3483   7.2553   7.3112
mixtral-8x7b-tp2:64:7:w2             8.0783   8.0659   8.5370   8.1224   8.4283
mixtral-8x7b-tp2:64:8:w1             8.6011   8.3245   8.4770   8.3388   8.4256
mixtral-8x7b-tp2:64:8:w2             9.4353   9.3890  10.0176   9.4627   9.8813
mixtral-8x7b-tp2:64:9:w1             9.6018   9.3764   9.5544   9.3930   9.4948
mixtral-8x7b-tp2:64:9:w2            10.4538  10.4163  11.0432  10.4907  10.9054
mixtral-8x7b-tp4:1:1:w1              1.0001   0.9981   0.9979   0.9981   0.9979
mixtral-8x7b-tp4:1:1:w2              1.0000   1.0000   1.0000   1.0000   1.0000
mixtral-8x7b-tp4:1:2:w1              2.0005   1.9979   1.9978   1.9979   1.9976
mixtral-8x7b-tp4:1:2:w2              2.0005   2.0015   2.0008   2.0014   2.0008
mixtral-8x7b-tp4:1:3:w1              3.0009   2.9984   2.9986   2.9985   2.9983
mixtral-8x7b-tp4:1:3:w2              3.0011   3.0030   3.0016   3.0029   3.0016
mixtral-8x7b-tp4:1:4:w1              4.0013   3.9999   4.0002   4.0000   3.9999
mixtral-8x7b-tp4:1:4:w2              4.0017   4.0045   4.0025   4.0044   4.0024
mixtral-8x7b-tp4:1:5:w1              5.0017   5.0018   5.0016   5.0019   5.0014
mixtral-8x7b-tp4:1:5:w2              5.0022   5.0060   5.0033   5.0058   5.0032
mixtral-8x7b-tp4:1:6:w1              6.0021   6.0038   6.0029   6.0040   6.0027
mixtral-8x7b-tp4:1:6:w2              6.0028   6.0075   6.0041   6.0073   6.0040
mixtral-8x7b-tp4:1:7:w1              7.0025   7.0054   7.0035   7.0056   7.0034
mixtral-8x7b-tp4:1:7:w2              7.0033   7.0090   7.0050   7.0088   7.0048
mixtral-8x7b-tp4:1:8:w1              8.0029   8.0069   8.0041   8.0070   8.0039
mixtral-8x7b-tp4:1:8:w2              8.0039   8.0105   8.0058   8.0103   8.0056
mixtral-8x7b-tp4:1:9:w1              9.0033   9.0084   9.0046   9.0084   9.0045
mixtral-8x7b-tp4:1:9:w2              9.0045   9.0120   9.0066   9.0117   9.0064
mixtral-8x7b-tp4:16:1:w1             1.0015   0.9991   0.9988   0.9991   0.9988
mixtral-8x7b-tp4:16:1:w2             1.0000   1.0000   1.0000   1.0000   1.0000
mixtral-8x7b-tp4:16:2:w1             2.0170   2.0086   2.0085   2.0088   2.0075
mixtral-8x7b-tp4:16:2:w2             2.0181   2.0268   2.0324   2.0276   2.0293
mixtral-8x7b-tp4:16:3:w1             3.0226   3.0143   3.0129   3.0145   3.0114
mixtral-8x7b-tp4:16:3:w2             3.0259   3.0401   3.0457   3.0411   3.0415
mixtral-8x7b-tp4:16:4:w1             4.0438   4.0245   4.0224   4.0250   4.0199
mixtral-8x7b-tp4:16:4:w2             4.0549   4.0812   4.0983   4.0836   4.0888
mixtral-8x7b-tp4:16:5:w1             5.0494   5.0400   5.0389   5.0409   5.0348
mixtral-8x7b-tp4:16:5:w2             5.0627   5.0945   5.1116   5.0971   5.1010
mixtral-8x7b-tp4:16:6:w1             6.0707   6.0602   6.0601   6.0615   6.0540
mixtral-8x7b-tp4:16:6:w2             6.0918   6.1357   6.1641   6.1396   6.1483
mixtral-8x7b-tp4:16:7:w1             7.0762   7.0705   7.0701   7.0721   7.0630
mixtral-8x7b-tp4:16:7:w2             7.0995   7.1490   7.1774   7.1531   7.1605
mixtral-8x7b-tp4:16:8:w1             8.0976   8.0564   8.0485   8.0573   8.0435
mixtral-8x7b-tp4:16:8:w2             8.1286   8.1901   8.2300   8.1956   8.2079
mixtral-8x7b-tp4:16:9:w1             9.1031   9.1070   9.1096   9.1095   9.0986
mixtral-8x7b-tp4:16:9:w2             9.1364   9.2035   9.2433   9.2091   9.2200
mixtral-8x7b-tp4:32:1:w1             1.0015   0.9991   0.9988   0.9991   0.9988
mixtral-8x7b-tp4:32:1:w2             1.0000   1.0000   1.0000   1.0000   1.0000
mixtral-8x7b-tp4:32:2:w1             2.0170   2.0086   2.0085   2.0088   2.0075
mixtral-8x7b-tp4:32:2:w2             2.0181   2.0268   2.0324   2.0276   2.0293
mixtral-8x7b-tp4:32:3:w1             3.0510   3.0291   3.0332   3.0300   3.0296
mixtral-8x7b-tp4:32:3:w2             3.0608   3.0822   3.1106   3.0852   3.0993
mixtral-8x7b-tp4:32:4:w1             4.1060   4.0606   4.0751   4.0627   4.0671
mixtral-8x7b-tp4:32:4:w2             4.1301   4.1653   4.2384   4.1720   4.2135
mixtral-8x7b-tp4:32:5:w1             5.1112   5.0691   5.0828   5.0713   5.0740
mixtral-8x7b-tp4:32:5:w2             5.1379   5.1786   5.2517   5.1855   5.2257
mixtral-8x7b-tp4:32:6:w1             6.1326   6.0910   6.1064   6.0938   6.0954
mixtral-8x7b-tp4:32:6:w2             6.1669   6.2198   6.3043   6.2280   6.2731
mixtral-8x7b-tp4:32:7:w1             7.1735   7.1182   7.1383   7.1219   7.1241
mixtral-8x7b-tp4:32:7:w2             7.2213   7.2886   7.4043   7.2998   7.3625
mixtral-8x7b-tp4:32:8:w1             8.2357   8.1363   8.1581   8.1405   8.1419
mixtral-8x7b-tp4:32:8:w2             8.3027   8.3846   8.5547   8.4002   8.4968
mixtral-8x7b-tp4:32:9:w1             9.2406   9.1866   9.2270   9.1929   9.2035
mixtral-8x7b-tp4:32:9:w2             9.3104   9.3979   9.5680   9.4137   9.5089
mixtral-8x7b-tp4:64:1:w1             1.0015   0.9991   0.9988   0.9991   0.9988
mixtral-8x7b-tp4:64:1:w2             1.0000   1.0000   1.0000   1.0000   1.0000
mixtral-8x7b-tp4:64:2:w1             2.0170   2.0086   2.0085   2.0088   2.0075
mixtral-8x7b-tp4:64:2:w2             2.0181   2.0268   2.0324   2.0276   2.0293
mixtral-8x7b-tp4:64:3:w1             3.0510   3.0291   3.0332   3.0300   3.0296
mixtral-8x7b-tp4:64:3:w2             3.0608   3.0822   3.1106   3.0852   3.0993
mixtral-8x7b-tp4:64:4:w1             4.1060   4.0606   4.0751   4.0627   4.0671
mixtral-8x7b-tp4:64:4:w2             4.1301   4.1653   4.2384   4.1720   4.2135
mixtral-8x7b-tp4:64:5:w1             5.1840   5.1034   5.1361   5.1074   5.1215
mixtral-8x7b-tp4:64:5:w2             5.2274   5.2753   5.4172   5.2874   5.3732
mixtral-8x7b-tp4:64:6:w1             6.2865   6.1574   6.2172   6.1638   6.1937
mixtral-8x7b-tp4:64:6:w2             6.3531   6.4113   6.6462   6.4304   6.5781
mixtral-8x7b-tp4:64:7:w1             7.4147   7.2224   7.3190   7.2320   7.2843
mixtral-8x7b-tp4:64:7:w2             7.5074   7.5723   7.9235   7.5999   7.8269
mixtral-8x7b-tp4:64:8:w1             8.5697   8.2984   8.4422   8.3120   8.3938
mixtral-8x7b-tp4:64:8:w2             8.6900   8.7573   9.2464   8.7949   9.1176
mixtral-8x7b-tp4:64:9:w1             9.5709   9.3471   9.5151   9.3629   9.4587
mixtral-8x7b-tp4:64:9:w2             9.6978   9.7706  10.2597   9.8084  10.1298
mixtral-8x7b-tp8:1:1:w1              1.0000   0.9955   0.9955   0.9955   0.9955
mixtral-8x7b-tp8:1:1:w2              1.0000   1.0000   1.0000   1.0000   1.0000
mixtral-8x7b-tp8:1:2:w1              2.0002   1.9920   1.9919   1.9920   1.9918
mixtral-8x7b-tp8:1:2:w2              2.0002   2.0007   2.0004   2.0007   2.0004
mixtral-8x7b-tp8:1:3:w1              3.0006   2.9902   2.9906   2.9903   2.9903
mixtral-8x7b-tp8:1:3:w2              3.0005   3.0014   3.0007   3.0014   3.0007
mixtral-8x7b-tp8:1:4:w1              4.0010   3.9903   3.9924   3.9905   3.9917
mixtral-8x7b-tp8:1:4:w2              4.0007   4.0022   4.0011   4.0021   4.0011
mixtral-8x7b-tp8:1:5:w1              5.0014   4.9900   4.9930   4.9903   4.9921
mixtral-8x7b-tp8:1:5:w2              5.0009   5.0029   5.0015   5.0028   5.0014
mixtral-8x7b-tp8:1:6:w1              6.0018   5.9900   5.9935   5.9905   5.9925
mixtral-8x7b-tp8:1:6:w2              6.0012   6.0036   6.0019   6.0035   6.0018
mixtral-8x7b-tp8:1:7:w1              7.0022   6.9917   6.9958   6.9923   6.9949
mixtral-8x7b-tp8:1:7:w2              7.0014   7.0043   7.0022   7.0042   7.0021
mixtral-8x7b-tp8:1:8:w1              8.0026   7.9939   7.9981   7.9946   7.9973
mixtral-8x7b-tp8:1:8:w2              8.0016   8.0051   8.0026   8.0049   8.0025
mixtral-8x7b-tp8:1:9:w1              9.0030   8.9963   9.0002   8.9972   8.9995
mixtral-8x7b-tp8:1:9:w2              9.0019   9.0058   9.0030   9.0056   9.0029
mixtral-8x7b-tp8:8:1:w1              1.0000   0.9955   0.9955   0.9955   0.9955
mixtral-8x7b-tp8:8:1:w2              1.0000   1.0000   1.0000   1.0000   1.0000
mixtral-8x7b-tp8:8:2:w1              2.0029   1.9937   1.9931   1.9937   1.9929
mixtral-8x7b-tp8:8:2:w2              2.0032   2.0064   2.0059   2.0064   2.0054
mixtral-8x7b-tp8:8:3:w1              3.0085   2.9968   2.9949   2.9968   2.9943
mixtral-8x7b-tp8:8:3:w2              3.0064   3.0128   3.0120   3.0129   3.0109
mixtral-8x7b-tp8:8:4:w1              4.0140   3.9945   3.9912   3.9945   3.9906
mixtral-8x7b-tp8:8:4:w2              4.0096   4.0193   4.0180   4.0193   4.0164
mixtral-8x7b-tp8:8:5:w1              5.0195   5.0075   5.0034   5.0077   5.0015
mixtral-8x7b-tp8:8:5:w2              5.0129   5.0257   5.0240   5.0258   5.0218
mixtral-8x7b-tp8:8:6:w1              6.0250   6.0113   6.0062   6.0116   6.0038
mixtral-8x7b-tp8:8:6:w2              6.0161   6.0322   6.0300   6.0323   6.0273
mixtral-8x7b-tp8:8:7:w1              7.0305   7.0209   7.0150   7.0215   7.0116
mixtral-8x7b-tp8:8:7:w2              7.0193   7.0387   7.0361   7.0388   7.0328
mixtral-8x7b-tp8:8:8:w1              8.0360   8.0305   8.0234   8.0312   8.0190
mixtral-8x7b-tp8:8:8:w2              8.0226   8.0451   8.0421   8.0453   8.0383
mixtral-8x7b-tp8:8:9:w1              9.0416   9.0396   9.0324   9.0406   9.0273
mixtral-8x7b-tp8:8:9:w2              9.0258   9.0516   9.0481   9.0517   9.0438
mixtral-8x7b-tp8:16:1:w1             1.0000   0.9955   0.9955   0.9955   0.9955
mixtral-8x7b-tp8:16:1:w2             1.0000   1.0000   1.0000   1.0000   1.0000
mixtral-8x7b-tp8:16:2:w1             2.0071   1.9965   1.9965   1.9966   1.9960
mixtral-8x7b-tp8:16:2:w2             2.0076   2.0131   2.0149   2.0133   2.0133
mixtral-8x7b-tp8:16:3:w1             3.0126   2.9989   2.9976   2.9990   2.9968
mixtral-8x7b-tp8:16:3:w2             3.0109   3.0196   3.0209   3.0198   3.0188
mixtral-8x7b-tp8:16:4:w1             4.0335   4.0077   4.0061   4.0081   4.0042
mixtral-8x7b-tp8:16:4:w2             4.0231   4.0397   4.0450   4.0404   4.0404
mixtral-8x7b-tp8:16:5:w1             5.0391   5.0189   5.0178   5.0196   5.0146
mixtral-8x7b-tp8:16:5:w2             5.0263   5.0462   5.0511   5.0468   5.0459
mixtral-8x7b-tp8:16:6:w1             6.0601   6.0366   6.0366   6.0377   6.0313
mixtral-8x7b-tp8:16:6:w2             6.0386   6.0663   6.0752   6.0674   6.0675
mixtral-8x7b-tp8:16:7:w1             7.0656   7.0456   7.0456   7.0470   7.0392
mixtral-8x7b-tp8:16:7:w2             7.0418   7.0728   7.0813   7.0739   7.0730
mixtral-8x7b-tp8:16:8:w1             8.0867   8.0305   8.0234   8.0312   8.0190
mixtral-8x7b-tp8:16:8:w2             8.0541   8.0930   8.1054   8.0945   8.0946
mixtral-8x7b-tp8:16:9:w1             9.0922   9.0773   9.0802   9.0796   9.0700
mixtral-8x7b-tp8:16:9:w2             9.0573   9.0994   9.1115   9.1009   9.1001
mixtral-8x7b-tp8:32:1:w1             1.0000   0.9955   0.9955   0.9955   0.9955
mixtral-8x7b-tp8:32:1:w2             1.0000   1.0000   1.0000   1.0000   1.0000
mixtral-8x7b-tp8:32:2:w1             2.0071   1.9965   1.9965   1.9966   1.9960
mixtral-8x7b-tp8:32:2:w2             2.0076   2.0131   2.0149   2.0133   2.0133
mixtral-8x7b-tp8:32:3:w1             3.0342   3.0106   3.0133   3.0112   3.0109
mixtral-8x7b-tp8:32:3:w2             3.0257   3.0405   3.0514   3.0415   3.0457
mixtral-8x7b-tp8:32:4:w1             4.0815   4.0355   4.0465   4.0372   4.0404
mixtral-8x7b-tp8:32:4:w2             4.0555   4.0821   4.1124   4.0845   4.0996
mixtral-8x7b-tp8:32:5:w1             5.0868   5.0409   5.0510   5.0426   5.0442
mixtral-8x7b-tp8:32:5:w2             5.0588   5.0886   5.1185   5.0909   5.1051
mixtral-8x7b-tp8:32:6:w1             6.1081   6.0593   6.0708   6.0616   6.0620
mixtral-8x7b-tp8:32:6:w2             6.0710   6.1087   6.1426   6.1115   6.1267
mixtral-8x7b-tp8:32:7:w1             7.1483   7.0839   7.1002   7.0870   7.0881
mixtral-8x7b-tp8:32:7:w2             7.0941   7.1429   7.1895   7.1467   7.1682
mixtral-8x7b-tp8:32:8:w1             8.2097   8.1015   8.1206   8.1052   8.1063
mixtral-8x7b-tp8:32:8:w2             8.1292   8.1910   8.2616   8.1965   8.2318
mixtral-8x7b-tp8:32:9:w1             9.2148   9.1471   9.1836   9.1528   9.1624
mixtral-8x7b-tp8:32:9:w2             9.1324   9.1975   9.2676   9.2030   9.2372
mixtral-8x7b-tp8:64:1:w1             1.0000   0.9955   0.9955   0.9955   0.9955
mixtral-8x7b-tp8:64:1:w2             1.0000   1.0000   1.0000   1.0000   1.0000
mixtral-8x7b-tp8:64:2:w1             2.0071   1.9965   1.9965   1.9966   1.9960
mixtral-8x7b-tp8:64:2:w2             2.0076   2.0131   2.0149   2.0133   2.0133
mixtral-8x7b-tp8:64:3:w1             3.0342   3.0106   3.0133   3.0112   3.0109
mixtral-8x7b-tp8:64:3:w2             3.0257   3.0405   3.0514   3.0415   3.0457
mixtral-8x7b-tp8:64:4:w1             4.0815   4.0355   4.0465   4.0372   4.0404
mixtral-8x7b-tp8:64:4:w2             4.0555   4.0821   4.1124   4.0845   4.0996
mixtral-8x7b-tp8:64:5:w1             5.1510   5.0719   5.0984   5.0751   5.0865
mixtral-8x7b-tp8:64:5:w2             5.0979   5.1378   5.1999   5.1423   5.1766
mixtral-8x7b-tp8:64:6:w1             6.2444   6.1192   6.1696   6.1247   6.1498
mixtral-8x7b-tp8:64:6:w2             6.1534   6.2075   6.3149   6.2149   6.2775
mixtral-8x7b-tp8:64:7:w1             7.3629   7.1774   7.2611   7.1858   7.2309
mixtral-8x7b-tp8:64:7:w2             7.2224   7.2910   7.4580   7.3021   7.4031
mixtral-8x7b-tp8:64:8:w1             8.5076   8.2466   8.3735   8.2586   8.3307
mixtral-8x7b-tp8:64:8:w2             8.3054   8.3881   8.6293   8.4038   8.5535
mixtral-8x7b-tp8:64:9:w1             9.5097   9.2889   9.4372   9.3029   9.3872
mixtral-8x7b-tp8:64:9:w2             9.3086   9.3946   9.6353   9.4103   9.5590
olmoe-1b-7b:128:1:w1                 1.0219   0.9898   0.9911   0.9899   0.9905
olmoe-1b-7b:128:1:w2                 1.0164   1.0235   1.0352   1.0243   1.0308
olmoe-1b-7b:128:2:w1                 2.1307   1.9900   2.0003   1.9906   1.9970
olmoe-1b-7b:128:2:w2                 2.0897   2.1107   2.1938   2.1154   2.1692
olmoe-1b-7b:128:3:w1                 3.1616   2.9841   2.9959   2.9849   2.9917
olmoe-1b-7b:128:3:w2                 3.1111   3.1414   3.2397   3.1471   3.2095
olmoe-1b-7b:128:4:w1                 4.2834   3.9827   4.0000   3.9838   3.9937
olmoe-1b-7b:128:4:w2                 4.1894   4.2338   4.4094   4.2438   4.3574
olmoe-1b-7b:128:5:w1                 5.3138   4.9847   5.0079   4.9863   4.9992
olmoe-1b-7b:128:5:w2                 5.2108   5.2645   5.4553   5.2754   5.3977
olmoe-1b-7b:128:6:w1                 6.4362   5.9905   6.0226   5.9927   6.0106
olmoe-1b-7b:128:6:w2                 6.2891   6.3569   6.6249   6.3721   6.5456
olmoe-1b-7b:128:7:w1                 7.4663   6.9889   7.0224   6.9914   7.0090
olmoe-1b-7b:128:7:w2                 7.3105   7.3876   7.6708   7.4038   7.5859
olmoe-1b-7b:128:8:w1                 8.5890   7.9681   7.9872   7.9697   7.9767
olmoe-1b-7b:128:8:w2                 8.3888   8.4801   8.8405   8.5004   8.7338
olmoe-1b-7b:128:9:w1                 9.6190   9.0036   9.0540   9.0073   9.0339
olmoe-1b-7b:128:9:w2                 9.4102   9.5108   9.8864   9.5321   9.7741
qwen2-57b-a14b:128:1:w1              1.0576   1.0025   1.0057   1.0028   1.0046
qwen2-57b-a14b:128:1:w2              1.0572   1.0674   1.1117   1.0704   1.0990
qwen2-57b-a14b:128:2:w1              2.2945   2.0225   2.0421   2.0240   2.0368
qwen2-57b-a14b:128:2:w2              2.2714   2.2780   2.4966   2.2926   2.4465
qwen2-57b-a14b:128:3:w1              3.3566   3.0316   3.0547   3.0335   3.0476
qwen2-57b-a14b:128:3:w2              3.3373   3.3556   3.6253   3.3737   3.5605
qwen2-57b-a14b:128:4:w1              4.6080   4.0477   4.0807   4.0504   4.0703
qwen2-57b-a14b:128:4:w2              4.5592   4.5727   5.0231   4.6027   4.9199
qwen2-57b-a14b:128:5:w1              5.6688   5.0712   5.1156   5.0750   5.1013
qwen2-57b-a14b:128:5:w2              5.6251   5.6503   6.1518   5.6838   6.0339
qwen2-57b-a14b:128:6:w1              6.9216   6.1003   6.1613   6.1055   6.1416
qwen2-57b-a14b:128:6:w2              6.8469   6.8675   7.5497   6.9129   7.3933
qwen2-57b-a14b:128:7:w1              7.9817   7.1176   7.1829   7.1234   7.1605
qwen2-57b-a14b:128:7:w2              7.9128   7.9450   8.6783   7.9940   8.5073
qwen2-57b-a14b:128:8:w1              9.2351   8.0997   8.1411   8.1041   8.1227
qwen2-57b-a14b:128:8:w2              9.1347   9.1622  10.0762   9.2231   9.8667
qwen2-57b-a14b:128:9:w1             10.2950   9.1815   9.2781   9.1902   9.2451
qwen2-57b-a14b:128:9:w2             10.2006  10.2398  11.2048  10.3042  10.9807
