block smBlocks   threads    occ%   |                init       read       scale     triad       3pt        5pt
  16      2112       1    0.8%     |  GB/s:          69         30         57        102         55         54
  32      4224       1    1.6%     |  GB/s:         138         59        115        205        107        105
  48      6336       1    2.3%     |  GB/s:         206         87        165        293        159        156
  64      8448       1    3.1%     |  GB/s:         274        116        225        398        206        203
  80     10560       1    3.9%     |  GB/s:         340        143        267        471        258        253
  96     12672       1    4.7%     |  GB/s:         407        171        325        567        304        297
 112     14784       1    5.5%     |  GB/s:         472        199        365        635        353        346
  64     16896       2    6.2%     |  GB/s:         536        232        441        768        405        397
 160     21120       1    7.8%     |  GB/s:         659        279        514        877        482        473
  96     25344       2    9.4%     |  GB/s:         800        344        626       1061        585        574
 128     33792       2   12.5%     |  GB/s:        1057        460        819       1360        751        737
 160     42240       2   15.6%     |  GB/s:        1293        560        945       1588        891        879
 192     50688       2   18.8%     |  GB/s:        1529        668       1085       1838       1030       1014
 224     59136       2   21.9%     |  GB/s:        1746        766       1211       2067       1161       1140
 256     67584       2   25.0%     |  GB/s:        1963        888       1351       2299       1292       1268
 288     76032       2   28.1%     |  GB/s:        2164        962       1462       2478       1412       1386
 320     84480       2   31.2%     |  GB/s:        2379       1062       1583       2651       1531       1503
 352     92928       2   34.4%     |  GB/s:        2556       1154       1698       2799       1641       1610
 384    101376       2   37.5%     |  GB/s:        2729       1256       1814       2932       1748       1715
 416    109824       2   40.6%     |  GB/s:        2871       1333       1913       3036       1841       1806
 448    118272       2   43.8%     |  GB/s:        3055       1424       2014       3136       1936       1896
 480    126720       2   46.9%     |  GB/s:        3171       1504       2108       3222       2028       1985
 512    135168       2   50.0%     |  GB/s:        3310       1627       2211       3299       2130       2087
 544    143616       2   53.1%     |  GB/s:        3422       1661       2283       3356       2204       2163
 576    152064       2   56.2%     |  GB/s:        3567       1742       2366       3408       2289       2245
 608    160512       2   59.4%     |  GB/s:        3677       1817       2447       3449       2368       2317
 640    168960       2   62.5%     |  GB/s:        3818       1912       2527       3482       2458       2411
 672    177408       2   65.6%     |  GB/s:        3924       1977       2599       3513       2526       2481
 704    185856       2   68.8%     |  GB/s:        3943       2047       2667       3548       2591       2547
 736    194304       2   71.9%     |  GB/s:        3941       2115       2733       3608       2666       2619
 768    202752       2   75.0%     |  GB/s:        3943       2205       2798       3659       2734       2684
 800    211200       2   78.1%     |  GB/s:        3938       2249       2854       3693       2791       2743
 832    219648       2   81.2%     |  GB/s:        3943       2308       2908       3717       2843       2797
 864    228096       2   84.4%     |  GB/s:        3942       2371       2959       3735       2893       2851
 896    236544       2   87.5%     |  GB/s:        3941       2436       3007       3750       2944       2903
 928    244992       2   90.6%     |  GB/s:        3945       2486       3051       3762       2991       2950
 960    253440       2   93.8%     |  GB/s:        3947       2546       3090       3770       3034       2996
 992    261888       2   96.9%     |  GB/s:        3943       2600       3128       3776       3070       3036
1024    270336       2  100.0%     |  GB/s:        3944       2651       3147       3781       3102       3068
