clock: 1710 1710 1710 1710 1710 1710 1710 1710 1710 1710 1710 1710 1710 1710 1710 1710 1710 1710 1710 
   100000  1710        2      1.9    32.2 32.2 32.2 32.2
   100000  1710      2.9      1.9    32.3 32.3 32.3 32.3
   100000  1710      4.2      1.9    32.4 32.4 32.4 32.4
   100000  1710      5.2      1.9    32.5 32.5 32.5 32.5
   100000  1710      5.8      1.9    32.5 32.5 32.5 32.5
   100000  1710      6.1      1.9    32.5 32.5 32.5 32.6
   100000  1710      7.0      1.9    32.6 32.6 32.6 32.6
   100000  1710      7.4      1.9    32.6 32.6 32.6 32.6
   100000  1710      8.5      1.9    32.7 32.7 32.7 32.7
   100000  1710      9.2      1.9    32.8 32.8 32.8 32.8
   100000  1710      9.9      1.9    32.8 32.8 32.8 32.8
   100000  1710     11.4      1.9    32.9 32.9 32.9 32.9
   100000  1710     12.8      1.9    33.0 33.0 33.0 33.0
   100000  1710     14.0      1.9    33.1 33.1 33.1 33.1
   100000  1710     15.0      1.9    33.2 33.2 33.2 33.2
   100000  1710     16.6      1.9    33.3 33.3 33.3 33.3
   100000  1710     17.9      2.0    33.4 33.4 33.4 33.4
   100000  1710     19.9      2.0    33.5 33.5 33.5 33.5
   100000  1710     22.0      2.0    33.7 33.7 33.7 33.7
   100000  1710     23.2      2.0    33.8 33.8 33.8 33.8
   100000  1710     24.2      2.0    33.8 33.8 33.8 33.8
   100000  1710     26.6      2.0    34.0 34.0 34.0 34.0
   100000  1710     28.8      2.0    34.2 34.1 34.1 34.2
   100000  1710     30.6      2.0    34.3 34.3 34.3 34.3
   100000  1710     32.0      2.0    34.4 34.4 34.4 34.4
   100000  1710     33.9      2.0    34.5 34.5 34.5 34.5
   100000  1710     36.1      2.0    34.7 34.7 34.7 34.7
   100000  1710     37.8      2.0    34.8 34.8 34.8 34.8
   100000  1710     40.6      2.0    35.0 35.0 35.0 35.1
   100000  1710     42.8      2.1    35.2 35.2 35.2 35.2
   100000  1710     45.9      2.1    35.4 35.4 35.4 35.4
   100000  1710     49.1      2.1    35.6 35.6 35.6 35.7
   100000  1710     52.1      2.1    35.8 35.8 35.8 35.9
   100000  1710     55.6      2.1    36.1 36.1 36.1 36.1
   100000  1710     58.4      2.1    36.3 36.3 36.3 36.3
   100000  1710     61.8      2.1    36.5 36.5 36.5 36.6
   100000  1710     65.5      2.2    36.8 36.8 36.8 36.8
   100000  1710     69.2      2.2    37.1 37.1 37.1 37.1
   100000  1710     73.2      2.2    37.4 37.4 37.3 37.4
   100000  1710     76.6      2.2    37.6 37.6 37.6 37.6
   100000  1710     81.1      2.2    37.9 37.9 37.9 37.9
   100000  1710     85.5      2.2    38.3 38.3 38.2 38.3
   100000  1710     90.4      2.3    38.6 38.6 38.6 38.6
   100000  1710     94.8      2.3    38.9 38.9 38.9 38.9
   100000  1710     98.9      2.3    39.2 39.2 39.2 39.2
   100000  1710    103.1      2.3    39.5 39.5 39.5 39.5
   100000  1710    108.8      2.3    39.9 39.9 39.9 39.9
   100000  1710    113.9      2.4    40.3 40.3 40.3 40.3
   100000  1710    119.9      2.4    40.7 40.7 40.7 40.7
   100000  1710    125.9      2.4    41.2 41.2 41.2 41.2
   100000  1710    132.0      2.4    41.6 41.6 41.6 41.6
   100000  1710    138.6      2.5    42.1 42.1 42.1 42.1
   100000  1710    145.2      2.5    42.6 42.6 42.6 42.6
   100000  1710    151.6      2.5    43.1 43.0 43.0 43.1
   100000  1710    158.2      2.5    43.5 43.5 43.5 43.6
   100000  1710    165.9      2.6    44.1 44.1 44.1 44.1
   100000  1710    173.6      2.6    44.7 44.7 44.6 44.7
   100000  1710    181.8      2.6    45.3 45.3 45.2 45.3
   100000  1710    190.1      2.7    45.9 45.9 45.9 45.9
   100000  1710    198.8      2.7    46.5 46.5 46.5 46.5
   100000  1710    208.0      2.8    47.2 47.2 47.2 47.2
   100000  1710    217.2      3.0    51.6 51.6 51.2 51.8
   100000  1710    226.9      6.3   107.4 106.6 105.6 112.3
   100000  1710    237.0      6.2   106.3 106.3 106.2 106.6
   100000  1710    247.4      8.6   146.2 146.5 126.2 158.4
   100000  1710    258.6      9.4   161.3 161.3 161.1 161.5
   100000  1710    270.6     10.8   184.5 184.6 184.3 184.7
   100000  1710    283.2     12.1   206.9 206.8 206.6 207.2
   100000  1710    295.5     13.4   228.8 227.0 226.7 235.0
   100000  1710    308.5     14.7   252.2 252.3 251.4 252.5
   100000  1710    321.6     15.2   260.2 260.2 260.2 260.3
   100000  1710    335.2     15.2   260.4 260.4 260.4 260.4
   100000  1710    350.6     15.2   260.5 260.5 260.5 260.5
   100000  1710    366.5     15.2   260.7 260.7 260.7 260.7
   100000  1710    382.5     15.2   260.8 260.8 260.8 260.8
   100000  1710    398.6     15.2   260.7 260.7 260.7 260.7
   100000  1710    416.6     15.2   260.5 260.5 260.5 260.5
   100000  1710    434.2     15.2   260.4 260.4 260.4 260.4
   100000  1710    452.8     15.2   260.2 260.2 260.2 260.3
   100000  1710    472.6     15.2   260.1 260.1 260.1 260.2
   100000  1710    493.6     15.2   259.9 259.9 259.9 260.0
   100000  1710    515.2     15.2   259.9 259.9 259.9 259.9
   100000  1710    537.1     15.2   259.9 259.9 259.9 259.9
   100000  1710    560.2     15.2   260.0 260.0 259.9 260.0
   100000  1710    585.0     15.2   260.1 260.1 260.1 260.1
   100000  1710    610.0     15.2   260.1 260.1 260.1 260.2
   100000  1710    636.8     15.2   260.1 260.1 260.1 260.2
   100000  1710    663.8     15.2   260.3 260.3 260.3 260.3
   100000  1710    693.0     15.2   260.4 260.4 260.4 260.5
   100000  1710    722.5     15.2   260.6 260.6 260.5 260.6
   100000  1710    753.8     15.2   260.7 260.7 260.6 260.7
   100000  1710    786.2     15.2   260.6 260.5 260.5 261.1
   100000  1710    820.4     15.2   260.4 260.4 260.4 260.4
   100000  1710    856.0     15.2   260.2 260.2 260.2 260.2
   100000  1710    893.0     15.2   260.1 260.1 260.1 260.1
   100000  1710    931.8     15.2   260.1 260.1 260.1 260.2
   100000  1710    971.5     15.2   260.2 260.2 260.2 260.2
   100000  1710   1013.0     15.2   260.2 260.2 260.2 260.2
   100000  1710   1056.8     15.2   260.3 260.3 260.3 260.3
   100000  1710   1101.9     15.2   260.4 260.4 260.4 260.5
   100000  1710   1149.4     15.2   260.6 260.6 260.6 260.6
   100000  1710   1198.8     15.2   260.4 260.4 260.4 260.4
   100000  1710   1249.5     15.2   260.3 260.3 260.3 260.3
   100000  1710   1303.0     15.2   260.3 260.3 260.2 260.3
   100000  1710   1358.6     15.2   260.3 260.3 260.3 260.3
   100000  1710   1416.4     15.2   260.3 260.3 260.3 260.4
   100000  1710   1476.8     15.2   260.5 260.5 260.4 260.5
   100000  1710   1539.4     15.2   260.6 260.6 260.5 260.6
   100000  1710   1605.0     15.2   260.4 260.4 260.4 260.5
   100000  1710   1673.4     15.2   260.3 260.3 260.3 260.4
   100000  1710   1744.8     15.2   260.4 260.3 260.3 260.4
   100000  1710   1818.8     15.2   260.4 260.4 260.4 260.4
   100000  1710   1895.4     15.2   260.5 260.5 260.5 260.6
   100000  1710   1976.2     15.2   260.5 260.5 260.5 260.8
   100000  1710   2060.2     15.2   260.4 260.4 260.4 260.4
   100000  1710   2147.9     15.2   260.4 260.4 260.4 260.4
   100000  1710   2238.1     15.2   260.5 260.5 260.5 260.5
   100000  1710   2333.0     15.2   260.5 260.5 260.5 260.6
   100000  1710   2432.2     15.2   260.4 260.4 260.4 260.4
   100000  1710   2535.5     15.2   260.4 260.4 260.4 260.4
   100000  1710   2643.1     15.2   260.5 260.5 260.5 260.6
   100000  1710   2754.8     15.2   260.5 260.5 260.5 260.5
   100000  1710   2870.8     15.2   260.5 260.5 260.4 260.5
   100000  1710   2991.9     15.2   260.5 260.5 260.5 260.5
   100000  1710   3118.0     15.2   260.5 260.5 260.5 260.6
   100000  1710   3250.2     15.2   260.5 260.5 260.4 260.5
   100000  1710   3387.2     15.2   260.5 260.5 260.5 260.6
   100000  1710   3530.2     15.2   260.5 260.5 260.5 260.6
   100000  1710   3678.9     15.2   260.5 260.5 260.5 260.5
   100000  1710   3834.8     15.2   260.6 260.6 260.6 260.6
   100000  1710   3996.9     15.2   260.5 260.5 260.5 260.5
   100000  1710   4166.0     15.2   260.6 260.5 260.5 260.6
   100000  1710   4341.6     15.2   260.5 260.5 260.5 260.5
   100000  1710   4524.0     15.2   260.5 260.5 260.5 260.6
   100000  1710   4714.8     15.2   260.5 260.5 260.5 260.6
   100000  1710   4914.1     15.2   260.5 260.5 260.5 260.6
   100000  1710   5121.4     15.2   260.5 260.5 260.5 260.5
   100000  1710   5337.8     15.2   260.6 260.6 260.5 260.6
   100000  1710   5562.4     15.2   260.5 260.5 260.5 260.6
   100000  1710   5796.0     15.2   260.6 260.6 260.6 260.6
   100000  1710   6040.4     15.2   260.5 260.5 260.5 260.6
   100000  1710   6295.4     15.2   260.5 260.5 260.5 260.5
   100000  1710   6560.5     15.2   260.6 260.6 260.5 260.6
   100000  1710   6836.9     15.2   260.6 260.6 260.5 260.6
   100000  1710   7125.2     15.2   260.5 260.5 260.5 260.6
   100000  1710   7425.9     15.2   260.5 260.5 260.5 260.6
   100000  1710   7738.4     15.2   260.6 260.6 260.5 260.6
   100000  1710   8064.6     15.2   260.6 260.6 260.6 260.7
   100000  1710   8404.0     15.2   260.6 260.6 260.5 260.6
   100000  1710   8757.4     15.2   260.6 260.6 260.5 260.6
   100000  1710   9126.1     15.2   260.6 260.6 260.5 260.6
   100000  1710   9509.8     15.2   260.6 260.6 260.5 260.6
   100000  1710   9910.2     15.2   260.6 260.6 260.5 260.6
   100000  1710  10327.4     15.2   260.6 260.6 260.6 260.6
   100000  1710  10761.6     15.2   260.6 260.6 260.6 260.6
   100000  1710  11214.8     15.2   260.6 260.6 260.5 260.6
   100000  1710  11686.4     15.2   260.6 260.6 260.5 260.6
   100000  1710  12177.9     15.2   260.6 260.6 260.5 260.6
   101516  1710  12689.5     15.5   260.6 260.6 260.6 260.7
   105787  1710  13223.4     16.1   260.6 260.6 260.5 260.6
   110235  1710  13779.4     16.8   260.6 260.6 260.6 260.6
   114875  1710  14359.4     17.5   260.6 260.6 260.5 260.6
   119706  1710  14963.2     18.2   260.6 260.6 260.6 260.6
   124742  1710  15592.8     19.0   260.6 260.6 260.6 260.6
   129990  1710  16248.8     19.8   260.6 260.6 260.6 260.6
   135450  1710  16931.2     20.6   260.6 260.6 260.6 260.6
   141146  1710  17643.2     21.5   260.6 260.6 260.6 260.6
   147078  1710  18384.8     22.4   260.6 260.6 260.6 260.6
   153265  1710  19158.1     23.4   260.6 260.6 260.6 260.6
   159703  1710  19962.9     24.3   260.6 260.6 260.6 260.6
   166412  1710  20801.5     25.4   260.6 260.6 260.6 260.6
   173407  1710  21675.9     26.4   260.5 260.5 260.5 260.5
   180699  1710  22587.4     27.5   260.5 260.5 260.5 260.6
   188293  1710  23536.6     28.7   260.6 260.6 260.6 260.6
   196202  1710  24525.2     29.9   260.6 260.6 260.6 260.6
   204449  1710  25556.1     31.2   261.2 261.1 260.9 261.7
   213040  1710  26630.0     32.6   261.9 261.8 261.4 262.9
   221990  1710  27748.8     34.0   262.2 262.2 261.6 263.2
   231316  1710  28914.5     36.0   266.1 266.5 261.9 271.1
   241041  1710  30130.1     37.9   269.2 268.3 263.9 276.5
   251171  1710  31396.4     46.4   315.8 316.3 310.3 321.5
   261728  1710  32716.0     59.2   386.5 386.7 384.5 388.5
   272730  1710  34091.2     69.3   434.3 434.1 433.8 435.3
   284186  1710  35523.2     72.5   436.0 435.6 435.3 439.2
   296125  1710  37015.6     75.7   437.2 437.1 436.7 438.0
   308566  1710  38570.8     82.4   456.5 456.4 456.2 457.0
   321534  1710  40191.8     88.4   470.2 470.2 469.9 470.3
   335047  1710  41880.9     92.1   470.3 470.3 470.1 470.4
   349127  1710  43640.9     96.0   470.3 470.3 470.1 470.5
   363800  1710  45475.0    100.0   470.2 470.3 470.1 470.3
   379084  1710  47385.5    104.2   470.2 470.2 470.1 470.4
   395006  1710  49375.8    108.6   470.3 470.3 470.1 470.4
   411605  1710  51450.6    113.2   470.3 470.3 470.2 470.6
   428901  1710  53612.6    118.0   470.5 470.5 470.3 470.7
   446923  1710  55865.4    123.1   471.1 471.1 470.8 471.8
   465698  1710  58212.2    131.6   483.4 483.3 482.1 484.5
   485264  1710  60658.0    146.4   515.9 515.9 515.0 516.5
   505650  1710  63206.2    163.0   551.4 551.4 550.7 552.1
   526895  1710  65861.9    177.9   577.5 577.2 576.6 578.7
   549029  1710  68628.6    194.6   606.2 606.2 606.0 606.4
   572091  1710  71511.4    202.8   606.1 606.1 605.8 606.4
   596128  1710  74516.0    211.2   605.8 605.8 605.7 606.0
   621173  1710  77646.6    220.1   605.8 605.8 605.7 606.0
   647273  1710  80909.1    229.3   605.8 605.8 605.7 606.0
   674461  1710  84307.6    239.0   605.9 605.8 605.7 606.0
   702795  1710  87849.4    249.0   605.8 605.8 605.7 605.9
   732316  1710  91539.5    259.4   605.8 605.8 605.7 605.9
